0
1
2
3
4
5
6
7
8
0
10
0
1
2
3
4
5
6
7
8
2
10
0
1
10
3
4
10
6
8
8
2
10
0
1
2
3
6
10
6
8
8
2
10
1
1
2
2
6
10
6
8
8
1
10
0
1
1
3
5
10
7
7
9
1
10
0
0
3
5
5
4
4
7
8
9
5
1
0
3
5
4
4
6
7
8
9
5
1
0
3
5
4
4
6
7
8
9
5
1
0
3
4
4
5
6
7
4
9
5
1
0
3
5
5
5
6
7
9
9
5
0
1
3
5
4
5
5
7
9
9
4
0
1
2
3
4
4
4
7
7
7
10
0
1
2
3
4
4
4
7
6
7
10
0
0
2
3
4
10
4
7
6
7
10
0
10
2
3
4
10
4
7
7
7
8
0
10
2
3
4
10
4
7
7
7
5
0
1
5
3
4
10
5
7
7
9
5
1
1
2
3
5
3
4
6
7
1
3
1
2
2
3
5
5
6
6
7
1
8
0
2
2
3
5
5
4
7
7
0
10
1
2
2
3
4
3
6
7
6
0
10
0
2
2
5
4
3
6
7
6
0
10
0
2
2
3
4
3
6
8
6
0
10
0
1
2
3
5
5
5
6
6
8
3
0
1
2
3
5
5
5
6
6
8
10
0
1
2
3
5
5
5
6
6
9
10
0
1
2
3
5
5
5
6
8
9
10
0
2
2
3
5
5
4
6
6
8
5
0
2
2
3
5
3
4
7
6
8
5
1
2
2
5
5
5
10
7
10
2
10
1
2
2
5
5
5
4
7
10
2
10
1
2
2
5
5
5
4
7
10
1
10
1
1
2
5
5
5
5
7
10
1
5
0
1
2
5
5
5
5
7
2
1
10
1
2
2
5
5
5
5
7
2
1
10
1
2
2
5
5
5
4
7
8
1
10
1
2
2
3
5
5
4
7
8
1
10
1
2
2
3
10
5
4
7
8
9
10
1
2
2
3
5
5
4
6
8
10
10
1
2
2
5
5
5
4
7
8
10
10
1
2
2
5
5
5
4
7
8
9
10
